4.850000000000000728e+04 0.000000000000000000e+00
4.852571428571428987e+04 0.000000000000000000e+00
4.855142857142857974e+04 0.000000000000000000e+00
4.857714285714286234e+04 0.000000000000000000e+00
4.860285714285715221e+04 0.000000000000000000e+00
4.862857142857142753e+04 0.000000000000000000e+00
4.865428571428571740e+04 0.000000000000000000e+00
4.868000000000000000e+04 0.000000000000000000e+00
4.870571428571428987e+04 0.000000000000000000e+00
4.873142857142857974e+04 0.000000000000000000e+00
4.875714285714286234e+04 0.000000000000000000e+00
4.878285714285715221e+04 0.000000000000000000e+00
4.880857142857143481e+04 0.000000000000000000e+00
4.883428571428572468e+04 0.000000000000000000e+00
4.886000000000000000e+04 0.000000000000000000e+00
4.888571428571428987e+04 0.000000000000000000e+00
4.891142857142857247e+04 0.000000000000000000e+00
4.893714285714286234e+04 0.000000000000000000e+00
4.896285714285714494e+04 0.000000000000000000e+00
4.898857142857143481e+04 0.000000000000000000e+00
4.901428571428572468e+04 0.000000000000000000e+00
4.904000000000000728e+04 0.000000000000000000e+00
4.906571428571429715e+04 0.000000000000000000e+00
4.909142857142857247e+04 0.000000000000000000e+00
4.911714285714286234e+04 0.000000000000000000e+00
4.914285714285714494e+04 0.000000000000000000e+00
4.916857142857143481e+04 0.000000000000000000e+00
4.919428571428571740e+04 0.000000000000000000e+00
4.922000000000000728e+04 0.000000000000000000e+00
4.924571428571428987e+04 0.000000000000000000e+00
4.927142857142857974e+04 0.000000000000000000e+00
4.929714285714286962e+04 0.000000000000000000e+00
4.932285714285714494e+04 0.000000000000000000e+00
4.934857142857142753e+04 0.000000000000000000e+00
4.937428571428571740e+04 0.000000000000000000e+00
4.940000000000000728e+04 0.000000000000000000e+00
4.942571428571428987e+04 0.000000000000000000e+00
4.945142857142857974e+04 0.000000000000000000e+00
4.947714285714286234e+04 0.000000000000000000e+00
4.950285714285715221e+04 1.262626262626264251e-04
4.952857142857143481e+04 1.262626262626264251e-04
4.955428571428571740e+04 1.262626262626264251e-04
4.958000000000000000e+04 1.262626262626264251e-04
4.960571428571428987e+04 1.262626262626264251e-04
4.963142857142857247e+04 1.262626262626264251e-04
4.965714285714286234e+04 1.262626262626264251e-04
4.968285714285715221e+04 1.262626262626264251e-04
4.970857142857143481e+04 1.262626262626264251e-04
4.973428571428572468e+04 1.262626262626264251e-04
4.976000000000000728e+04 1.262626262626264251e-04
4.978571428571428987e+04 1.262626262626264251e-04
4.981142857142857247e+04 1.262626262626264251e-04
4.983714285714286234e+04 1.262626262626264251e-04
4.986285714285714494e+04 1.262626262626264251e-04
4.988857142857143481e+04 1.262626262626264251e-04
4.991428571428571740e+04 1.262626262626264251e-04
4.994000000000000728e+04 1.262626262626264251e-04
4.996571428571428987e+04 1.262626262626264251e-04
4.999142857142857247e+04 1.262626262626264251e-04
5.001714285714285506e+04 1.262626262626264251e-04
5.004285714285714494e+04 1.262626262626264251e-04
5.006857142857143481e+04 1.262626262626264251e-04
5.009428571428571740e+04 1.262626262626264251e-04
5.012000000000000728e+04 1.262626262626264251e-04
5.014571428571428987e+04 1.262626262626264251e-04
5.017142857142857974e+04 1.262626262626264251e-04
5.019714285714286234e+04 1.262626262626264251e-04
5.022285714285715221e+04 1.262626262626264251e-04
5.024857142857142753e+04 1.262626262626264251e-04
5.027428571428571740e+04 1.262626262626264251e-04
5.030000000000000000e+04 1.262626262626264251e-04
5.032571428571428987e+04 1.262626262626264251e-04
5.035142857142857247e+04 1.262626262626264251e-04
5.037714285714286234e+04 1.262626262626264251e-04
5.040285714285715221e+04 1.262626262626264251e-04
5.042857142857143481e+04 1.262626262626264251e-04
5.045428571428571013e+04 1.262626262626264251e-04
5.048000000000000000e+04 1.262626262626264251e-04
5.050571428571428987e+04 1.262626262626264251e-04
5.053142857142857247e+04 1.262626262626264251e-04
5.055714285714286234e+04 1.262626262626264251e-04
5.058285714285714494e+04 1.262626262626264251e-04
5.060857142857143481e+04 1.262626262626264251e-04
5.063428571428571740e+04 1.262626262626264251e-04
5.066000000000000728e+04 1.262626262626264251e-04
5.068571428571429715e+04 1.262626262626264251e-04
5.071142857142857247e+04 1.262626262626264251e-04
5.073714285714285506e+04 1.262626262626264251e-04
5.076285714285714494e+04 1.262626262626264251e-04
5.078857142857143481e+04 1.262626262626264251e-04
5.081428571428571740e+04 1.262626262626264251e-04
5.084000000000000728e+04 1.262626262626264251e-04
5.086571428571428987e+04 1.262626262626264251e-04
5.089142857142857974e+04 1.262626262626264251e-04
5.091714285714285506e+04 1.262626262626264251e-04
5.094285714285714494e+04 1.262626262626264251e-04
5.096857142857142753e+04 1.262626262626264251e-04
5.099428571428571740e+04 1.262626262626264251e-04
5.102000000000000000e+04 1.262626262626264251e-04
5.104571428571428987e+04 1.262626262626264251e-04
5.107142857142857974e+04 1.262626262626264251e-04
5.109714285714286234e+04 1.262626262626264251e-04
5.112285714285715221e+04 1.262626262626264251e-04
5.114857142857143481e+04 1.262626262626264251e-04
5.117428571428571740e+04 1.262626262626264251e-04
5.120000000000000000e+04 1.262626262626264251e-04
5.122571428571428987e+04 1.262626262626264251e-04
5.125142857142857247e+04 1.262626262626264251e-04
5.127714285714286234e+04 1.262626262626264251e-04
5.130285714285714494e+04 1.262626262626264251e-04
5.132857142857143481e+04 1.262626262626264251e-04
5.135428571428572468e+04 1.262626262626264251e-04
5.138000000000000000e+04 1.262626262626264251e-04
5.140571428571428260e+04 1.262626262626264251e-04
5.143142857142857247e+04 1.262626262626264251e-04
5.145714285714286234e+04 1.262626262626264251e-04
5.148285714285714494e+04 1.262626262626264251e-04
5.150857142857143481e+04 1.262626262626264251e-04
5.153428571428571740e+04 1.262626262626264251e-04
5.156000000000000728e+04 1.262626262626264251e-04
5.158571428571428987e+04 1.262626262626264251e-04
5.161142857142857974e+04 1.262626262626264251e-04
5.163714285714285506e+04 1.262626262626264251e-04
5.166285714285714494e+04 1.262626262626264251e-04
5.168857142857142753e+04 1.262626262626264251e-04
5.171428571428571740e+04 1.262626262626264251e-04
5.174000000000000728e+04 1.262626262626264251e-04
5.176571428571428987e+04 1.262626262626264251e-04
5.179142857142857974e+04 1.262626262626264251e-04
5.181714285714286234e+04 1.262626262626264251e-04
5.184285714285714494e+04 1.262626262626264251e-04
5.186857142857142753e+04 1.262626262626264251e-04
5.189428571428571740e+04 1.262626262626264251e-04
5.192000000000000000e+04 1.262626262626264251e-04
5.194571428571428987e+04 1.262626262626264251e-04
5.197142857142857247e+04 1.262626262626264251e-04
5.199714285714286234e+04 1.262626262626264251e-04
5.202285714285714494e+04 1.262626262626264251e-04
5.204857142857143481e+04 1.262626262626264251e-04
5.207428571428571013e+04 1.262626262626264251e-04
5.210000000000000000e+04 1.262626262626264251e-04
5.212571428571428987e+04 1.262626262626264251e-04
5.215142857142857247e+04 1.262626262626264251e-04
5.217714285714286234e+04 1.262626262626264251e-04
5.220285714285714494e+04 1.262626262626264251e-04
5.222857142857143481e+04 1.262626262626264251e-04
5.225428571428571740e+04 1.262626262626264251e-04
5.228000000000000728e+04 1.262626262626264251e-04
5.230571428571428260e+04 1.262626262626264251e-04
5.233142857142857247e+04 1.262626262626264251e-04
5.235714285714285506e+04 1.262626262626264251e-04
5.238285714285714494e+04 1.262626262626264251e-04
5.240857142857142753e+04 1.262626262626264251e-04
5.243428571428571740e+04 1.262626262626264251e-04
5.246000000000000728e+04 1.262626262626264251e-04
5.248571428571428987e+04 1.262626262626264251e-04
5.251142857142857974e+04 1.262626262626264251e-04
5.253714285714285506e+04 1.262626262626264251e-04
5.256285714285714494e+04 1.262626262626264251e-04
5.258857142857142753e+04 1.262626262626264251e-04
5.261428571428571740e+04 1.262626262626264251e-04
5.264000000000000000e+04 1.262626262626264251e-04
5.266571428571428987e+04 1.262626262626264251e-04
5.269142857142857247e+04 1.262626262626264251e-04
5.271714285714286234e+04 1.262626262626264251e-04
5.274285714285715221e+04 1.262626262626264251e-04
5.276857142857142753e+04 1.262626262626264251e-04
5.279428571428571013e+04 1.262626262626264251e-04
5.282000000000000000e+04 1.262626262626264251e-04
5.284571428571428987e+04 1.262626262626264251e-04
5.287142857142857247e+04 1.262626262626264251e-04
5.289714285714286234e+04 1.262626262626264251e-04
5.292285714285714494e+04 1.262626262626264251e-04
5.294857142857143481e+04 1.262626262626264251e-04
5.297428571428571740e+04 1.262626262626264251e-04
5.300000000000000000e+04 1.262626262626264251e-04
5.302571428571428260e+04 1.262626262626264251e-04
5.305142857142857247e+04 1.262626262626264251e-04
5.307714285714285506e+04 1.262626262626264251e-04
5.310285714285714494e+04 1.262626262626264251e-04
5.312857142857143481e+04 1.262626262626264251e-04
5.315428571428571740e+04 1.262626262626264251e-04
5.318000000000000728e+04 1.262626262626264251e-04
5.320571428571428987e+04 1.262626262626264251e-04
5.323142857142857247e+04 1.262626262626264251e-04
5.325714285714285506e+04 1.262626262626264251e-04
5.328285714285714494e+04 1.262626262626264251e-04
5.330857142857142753e+04 1.262626262626264251e-04
5.333428571428571740e+04 1.262626262626264251e-04
5.336000000000000000e+04 1.262626262626264251e-04
5.338571428571428987e+04 1.262626262626264251e-04
5.341142857142857974e+04 1.262626262626264251e-04
5.343714285714286234e+04 1.262626262626264251e-04
5.346285714285713766e+04 1.262626262626264251e-04
5.348857142857142753e+04 1.262626262626264251e-04
5.351428571428571740e+04 1.262626262626264251e-04
5.354000000000000000e+04 1.262626262626264251e-04
5.356571428571428987e+04 1.262626262626264251e-04
5.359142857142857247e+04 1.262626262626264251e-04
5.361714285714286234e+04 1.262626262626264251e-04
5.364285714285714494e+04 1.262626262626264251e-04
5.366857142857142753e+04 1.262626262626264251e-04
5.369428571428571013e+04 1.262626262626264251e-04
5.372000000000000000e+04 1.262626262626264251e-04
5.374571428571428260e+04 1.262626262626264251e-04
5.377142857142857247e+04 1.262626262626264251e-04
5.379714285714286234e+04 1.262626262626264251e-04
5.382285714285714494e+04 1.262626262626264251e-04
5.384857142857143481e+04 1.262626262626264251e-04
5.387428571428571740e+04 1.262626262626264251e-04
5.390000000000000728e+04 1.262626262626264251e-04
5.392571428571428260e+04 1.262626262626264251e-04
5.395142857142857247e+04 1.262626262626264251e-04
5.397714285714285506e+04 1.262626262626264251e-04
5.400285714285714494e+04 1.262626262626264251e-04
5.402857142857142753e+04 1.262626262626264251e-04
5.405428571428571740e+04 1.262626262626264251e-04
5.408000000000000000e+04 1.262626262626264251e-04
5.410571428571428987e+04 1.262626262626264251e-04
5.413142857142856519e+04 1.262626262626264251e-04
5.415714285714285506e+04 1.262626262626264251e-04
5.418285714285714494e+04 1.262626262626264251e-04
5.420857142857142753e+04 1.262626262626264251e-04
5.423428571428571740e+04 1.262626262626264251e-04
5.426000000000000000e+04 1.262626262626264251e-04
5.428571428571428987e+04 1.262626262626264251e-04
5.431142857142857247e+04 1.262626262626264251e-04
5.433714285714286234e+04 1.262626262626264251e-04
5.436285714285714494e+04 1.262626262626264251e-04
5.438857142857142753e+04 1.262626262626264251e-04
5.441428571428571013e+04 1.262626262626264251e-04
5.444000000000000000e+04 1.262626262626264251e-04
5.446571428571428260e+04 1.262626262626264251e-04
5.449142857142857247e+04 1.262626262626264251e-04
5.451714285714286234e+04 1.262626262626264251e-04
5.454285714285714494e+04 1.262626262626264251e-04
5.456857142857143481e+04 1.262626262626264251e-04
5.459428571428571013e+04 1.262626262626264251e-04
5.462000000000000000e+04 1.262626262626264251e-04
5.464571428571428260e+04 1.262626262626264251e-04
5.467142857142857247e+04 1.262626262626264251e-04
5.469714285714285506e+04 1.262626262626264251e-04
5.472285714285714494e+04 1.262626262626264251e-04
5.474857142857142753e+04 1.262626262626264251e-04
5.477428571428571740e+04 1.262626262626264251e-04
5.480000000000000728e+04 1.262626262626264251e-04
5.482571428571428987e+04 1.262626262626264251e-04
5.485142857142856519e+04 1.262626262626264251e-04
5.487714285714285506e+04 1.262626262626264251e-04
5.490285714285714494e+04 1.262626262626264251e-04
5.492857142857142753e+04 1.262626262626264251e-04
5.495428571428571740e+04 1.262626262626264251e-04
5.498000000000000000e+04 1.262626262626264251e-04
5.500571428571428987e+04 1.262626262626264251e-04
5.503142857142857247e+04 1.262626262626264251e-04
5.505714285714285506e+04 1.262626262626264251e-04
5.508285714285713766e+04 1.262626262626264251e-04
5.510857142857142753e+04 1.262626262626264251e-04
5.513428571428571013e+04 1.262626262626264251e-04
5.516000000000000000e+04 1.262626262626264251e-04
5.518571428571428987e+04 1.262626262626264251e-04
5.521142857142857247e+04 1.262626262626264251e-04
5.523714285714286234e+04 1.262626262626264251e-04
5.526285714285714494e+04 1.262626262626264251e-04
5.528857142857143481e+04 1.262626262626264251e-04
5.531428571428571013e+04 1.262626262626264251e-04
5.534000000000000000e+04 1.262626262626264251e-04
5.536571428571428260e+04 1.262626262626264251e-04
5.539142857142857247e+04 1.262626262626264251e-04
5.541714285714285506e+04 1.262626262626264251e-04
5.544285714285714494e+04 1.262626262626264251e-04
5.546857142857143481e+04 1.262626262626264251e-04
5.549428571428571740e+04 1.262626262626264251e-04
5.551999999999999272e+04 1.262626262626264251e-04
5.554571428571428260e+04 1.262626262626264251e-04
5.557142857142857247e+04 1.262626262626264251e-04
5.559714285714285506e+04 1.262626262626264251e-04
5.562285714285714494e+04 1.262626262626264251e-04
5.564857142857142753e+04 1.262626262626264251e-04
5.567428571428571740e+04 1.262626262626264251e-04
5.570000000000000000e+04 1.262626262626264251e-04
5.572571428571428987e+04 1.262626262626264251e-04
5.575142857142857974e+04 1.262626262626264251e-04
5.577714285714285506e+04 1.262626262626264251e-04
5.580285714285713766e+04 1.262626262626264251e-04
5.582857142857142753e+04 1.262626262626264251e-04
5.585428571428571740e+04 1.262626262626264251e-04
5.588000000000000000e+04 1.262626262626264251e-04
5.590571428571428987e+04 1.262626262626264251e-04
5.593142857142857247e+04 1.262626262626264251e-04
5.595714285714286234e+04 1.262626262626264251e-04
5.598285714285713766e+04 1.262626262626264251e-04
5.600857142857142753e+04 1.262626262626264251e-04
5.603428571428571013e+04 1.262626262626264251e-04
5.606000000000000000e+04 1.262626262626264251e-04
5.608571428571428260e+04 1.262626262626264251e-04
5.611142857142857247e+04 1.262626262626264251e-04
5.613714285714286234e+04 1.262626262626264251e-04
5.616285714285714494e+04 1.262626262626264251e-04
5.618857142857143481e+04 1.262626262626264251e-04
5.621428571428571740e+04 1.262626262626264251e-04
5.624000000000000000e+04 1.262626262626264251e-04
5.626571428571428260e+04 1.262626262626264251e-04
5.629142857142857247e+04 1.262626262626264251e-04
5.631714285714285506e+04 1.262626262626264251e-04
5.634285714285714494e+04 1.262626262626264251e-04
5.636857142857142753e+04 1.262626262626264251e-04
5.639428571428571740e+04 1.262626262626264251e-04
5.641999999999999272e+04 1.262626262626264251e-04
5.644571428571428260e+04 1.262626262626264251e-04
5.647142857142856519e+04 1.262626262626264251e-04
5.649714285714285506e+04 1.262626262626264251e-04
5.652285714285714494e+04 1.262626262626264251e-04
5.654857142857142753e+04 1.262626262626264251e-04
5.657428571428571740e+04 1.262626262626264251e-04
5.660000000000000000e+04 1.262626262626264251e-04
5.662571428571428987e+04 1.262626262626264251e-04
5.665142857142857247e+04 1.262626262626264251e-04
5.667714285714286234e+04 1.262626262626264251e-04
5.670285714285713766e+04 1.262626262626264251e-04
5.672857142857142753e+04 1.262626262626264251e-04
5.675428571428571013e+04 1.262626262626264251e-04
5.678000000000000000e+04 1.262626262626264251e-04
5.680571428571428260e+04 1.262626262626264251e-04
5.683142857142857247e+04 1.262626262626264251e-04
5.685714285714286234e+04 1.262626262626264251e-04
5.688285714285713766e+04 1.262626262626264251e-04
5.690857142857142753e+04 1.262626262626264251e-04
5.693428571428571013e+04 1.262626262626264251e-04
5.696000000000000000e+04 1.262626262626264251e-04
5.698571428571428260e+04 1.262626262626264251e-04
5.701142857142857247e+04 1.262626262626264251e-04
5.703714285714285506e+04 1.262626262626264251e-04
5.706285714285714494e+04 1.262626262626264251e-04
5.708857142857142753e+04 1.262626262626264251e-04
5.711428571428571740e+04 1.262626262626264251e-04
5.713999999999999272e+04 1.262626262626264251e-04
5.716571428571428260e+04 1.262626262626264251e-04
5.719142857142856519e+04 1.262626262626264251e-04
5.721714285714285506e+04 1.262626262626264251e-04
5.724285714285714494e+04 1.262626262626264251e-04
5.726857142857142753e+04 1.262626262626264251e-04
5.729428571428571740e+04 1.262626262626264251e-04
5.732000000000000000e+04 1.262626262626264251e-04
5.734571428571428260e+04 1.262626262626264251e-04
5.737142857142856519e+04 1.262626262626264251e-04
5.739714285714285506e+04 1.262626262626264251e-04
5.742285714285713766e+04 0.000000000000000000e+00
5.744857142857142753e+04 0.000000000000000000e+00
5.747428571428571013e+04 0.000000000000000000e+00
5.750000000000000000e+04 0.000000000000000000e+00
5.752571428571428987e+04 0.000000000000000000e+00
5.755142857142857247e+04 0.000000000000000000e+00
5.757714285714286234e+04 0.000000000000000000e+00
5.760285714285713766e+04 0.000000000000000000e+00
5.762857142857142753e+04 0.000000000000000000e+00
5.765428571428571013e+04 0.000000000000000000e+00
5.768000000000000000e+04 0.000000000000000000e+00
5.770571428571428260e+04 0.000000000000000000e+00
5.773142857142857247e+04 0.000000000000000000e+00
5.775714285714285506e+04 0.000000000000000000e+00
5.778285714285714494e+04 0.000000000000000000e+00
5.780857142857142026e+04 0.000000000000000000e+00
5.783428571428571013e+04 0.000000000000000000e+00
5.785999999999999272e+04 0.000000000000000000e+00
5.788571428571428260e+04 0.000000000000000000e+00
5.791142857142857247e+04 0.000000000000000000e+00
5.793714285714285506e+04 0.000000000000000000e+00
5.796285714285714494e+04 0.000000000000000000e+00
5.798857142857142753e+04 0.000000000000000000e+00
5.801428571428571740e+04 0.000000000000000000e+00
5.804000000000000000e+04 0.000000000000000000e+00
5.806571428571428260e+04 0.000000000000000000e+00
5.809142857142856519e+04 0.000000000000000000e+00
5.811714285714285506e+04 0.000000000000000000e+00
5.814285714285713766e+04 0.000000000000000000e+00
5.816857142857142753e+04 0.000000000000000000e+00
5.819428571428571740e+04 0.000000000000000000e+00
5.822000000000000000e+04 0.000000000000000000e+00
5.824571428571428987e+04 0.000000000000000000e+00
5.827142857142856519e+04 0.000000000000000000e+00
5.829714285714285506e+04 0.000000000000000000e+00
5.832285714285713766e+04 0.000000000000000000e+00
5.834857142857142753e+04 0.000000000000000000e+00
5.837428571428571013e+04 0.000000000000000000e+00
5.840000000000000000e+04 0.000000000000000000e+00
