  0.0792  0.369
  0.0798  0.575
  0.0804  0.774
  0.0810  0.818
  0.0816  0.801
  0.0821  0.645
  0.0827  0.583
  0.0833  0.547
  0.0838  0.654
  0.0844  0.733
  0.0850  0.850
  0.0856  0.903
  0.0861  1.061
  0.0867  1.223
  0.0873  1.346
  0.0879  1.419
  0.0884  1.451
  0.0890  1.638
  0.0896  1.907
  0.0901  1.871
  0.0907  2.027
  0.0913  2.198
  0.0919  2.432
  0.0924  2.512
  0.0930  2.847
  0.0936  2.976
  0.0942  3.034
  0.0947  3.067
  0.0953  3.191
  0.0959  2.796
  0.0964  2.932
  0.0970  3.131
  0.0976  3.460
  0.0982  3.326
  0.0987  3.396
  0.0993  3.294
  0.0999  3.319
  0.1005  3.282
  0.1010  3.151
  0.1016  3.293
  0.1022  3.579
  0.1027  4.158
  0.1033  4.695
  0.1039  4.512
  0.1045  3.772
  0.1050  3.455
  0.1056  3.390
  0.1062  3.678
  0.1068  3.570
  0.1073  3.550
  0.1079  3.489
  0.1085  3.374
  0.1091  3.303
  0.1096  3.129
  0.1102  3.049
  0.1108  3.073
  0.1113  3.128
  0.1119  3.265
  0.1125  3.197
  0.1131  3.209
  0.1136  3.019
  0.1142  2.960
  0.1148  2.950
  0.1154  3.006
  0.1159  2.997
  0.1165  3.124
  0.1171  3.228
  0.1176  3.406
  0.1182  3.633
  0.1188  3.914
  0.1194  4.273
  0.1199  4.899
  0.1205  5.993
  0.1211  7.915
  0.1217 10.727
  0.1222  9.077
  0.1228  7.454
  0.1234  7.052
  0.1239  6.935
  0.1245  6.141
  0.1251  5.075
  0.1257  4.515
  0.1262  4.279
  0.1268  4.022
  0.1274  3.706
  0.1280  3.422
  0.1285  3.318
  0.1291  3.292
  0.1297  3.383
  0.1302  3.450
  0.1308  3.526
  0.1314  3.406
  0.1320  3.205
  0.1325  3.126
  0.1331  3.213
  0.1337  3.283
  0.1343  3.186
  0.1348  3.100
  0.1354  3.039
  0.1360  3.030
  0.1365  3.042
  0.1371  3.070
  0.1377  3.124
  0.1383  3.251
  0.1388  3.437
  0.1394  3.645
  0.1400  3.687
  0.1406  3.555
  0.1411  3.305
  0.1417  3.087
  0.1423  2.941
  0.1429  2.850
  0.1434  2.805
  0.1440  2.757
  0.1446  2.716
  0.1451  2.703
  0.1457  2.698
  0.1463  2.676
  0.1469  2.666
  0.1474  2.668
  0.1480  2.674
  0.1486  2.700
  0.1492  2.700
  0.1497  2.740
  0.1503  2.804
  0.1509  2.830
  0.1514  2.910
  0.1520  3.033
  0.1526  3.243
  0.1532  3.569
  0.1537  4.001
  0.1543  4.524
  0.1549  4.847
  0.1555  4.358
  0.1560  3.665
  0.1566  3.251
  0.1572  3.034
  0.1577  2.879
  0.1583  2.809
  0.1589  2.751
  0.1595  2.696
  0.1600  2.666
  0.1606  2.665
  0.1612  2.647
  0.1618  2.661
  0.1623  2.663
  0.1629  2.671
  0.1635  2.667
  0.1640  2.653
  0.1646  2.572
  0.1652  2.540
  0.1658  2.518
  0.1663  2.526
  0.1669  2.487
  0.1675  2.428
  0.1681  2.368
  0.1686  2.312
  0.1692  2.282
  0.1698  2.262
  0.1704  2.274
  0.1709  2.289
  0.1715  2.297
  0.1721  2.300
  0.1726  2.298
  0.1732  2.272
  0.1738  2.275
  0.1744  2.266
  0.1749  2.268
  0.1755  2.246
  0.1761  2.210
  0.1767  2.186
  0.1772  2.165
  0.1778  2.158
  0.1784  2.154
  0.1789  2.169
  0.1795  2.126
  0.1801  2.107
  0.1807  2.080
  0.1812  2.086
  0.1818  2.084
  0.1824  2.060
  0.1830  2.057
  0.1835  2.059
  0.1841  2.097
  0.1847  2.145
  0.1852  2.199
  0.1858  2.236
  0.1864  2.246
  0.1870  2.229
  0.1875  2.235
  0.1881  2.295
  0.1887  2.395
  0.1893  2.512
  0.1898  2.592
  0.1904  2.698
  0.1910  2.718
  0.1915  2.562
  0.1921  2.401
  0.1927  2.244
  0.1933  2.128
  0.1938  2.036
  0.1944  1.958
  0.1950  1.929
  0.1956  1.904
  0.1961  1.862
  0.1967  1.821
  0.1973  1.809
  0.1978  1.778
  0.1984  1.767
  0.1990  1.777
  0.1996  1.778
  0.2001  1.780
  0.2007  1.767
  0.2013  1.742
  0.2019  1.727
  0.2024  1.722
  0.2030  1.709
  0.2036  1.692
  0.2042  1.709
  0.2047  1.709
  0.2053  1.711
  0.2059  1.740
  0.2064  1.738
  0.2070  1.768
  0.2076  1.742
  0.2082  1.736
  0.2087  1.723
  0.2093  1.695
  0.2099  1.684
  0.2105  1.664
  0.2110  1.644
  0.2116  1.612
  0.2122  1.588
  0.2127  1.571
  0.2133  1.566
  0.2139  1.559
  0.2145  1.560
  0.2150  1.539
  0.2156  1.513
  0.2162  1.499
  0.2168  1.515
  0.2173  1.511
  0.2179  1.498
  0.2185  1.480
  0.2190  1.471
  0.2196  1.447
  0.2202  1.435
  0.2208  1.438
  0.2213  1.445
  0.2219  1.455
  0.2225  1.436
  0.2231  1.432
  0.2236  1.413
  0.2242  1.406
  0.2248  1.412
  0.2253  1.420
  0.2259  1.416
  0.2265  1.421
  0.2271  1.429
  0.2276  1.440
  0.2282  1.448
  0.2288  1.454
  0.2294  1.471
  0.2299  1.464
  0.2305  1.475
  0.2311  1.495
  0.2316  1.496
  0.2322  1.508
  0.2328  1.520
  0.2334  1.498
  0.2339  1.488
  0.2345  1.457
  0.2351  1.455
  0.2357  1.445
  0.2362  1.442
  0.2368  1.433
  0.2374  1.420
  0.2380  1.425
  0.2385  1.418
  0.2391  1.426
  0.2397  1.436
  0.2402  1.438
  0.2408  1.450
  0.2414  1.478
  0.2420  1.508
  0.2425  1.506
  0.2431  1.491
  0.2437  1.476
  0.2443  1.458
  0.2448  1.441
  0.2454  1.430
  0.2460  1.427
  0.2465  1.434
  0.2471  1.442
  0.2477  1.433
  0.2483  1.430
  0.2488  1.420
  0.2494  1.413
  0.2500  1.408
  0.2506  1.407
  0.2511  1.395
  0.2517  1.381
  0.2523  1.376
  0.2528  1.367
  0.2534  1.364
  0.2540  1.360
  0.2546  1.347
  0.2551  1.335
  0.2557  1.325
  0.2563  1.319
  0.2569  1.307
  0.2574  1.304
  0.2580  1.296
  0.2586  1.285
  0.2591  1.278
  0.2597  1.271
  0.2603  1.269
  0.2609  1.268
  0.2614  1.279
  0.2620  1.269
  0.2626  1.256
  0.2632  1.258
  0.2637  1.239
  0.2643  1.208
  0.2649  1.182
  0.2655  1.173
  0.2660  1.167
  0.2666  1.185
  0.2672  1.194
  0.2677  1.198
  0.2683  1.185
  0.2689  1.184
  0.2695  1.184
  0.2700  1.197
  0.2706  1.204
  0.2712  1.217
  0.2718  1.228
  0.2723  1.243
  0.2729  1.253
  0.2735  1.268
  0.2740  1.279
  0.2746  1.290
  0.2752  1.307
  0.2758  1.316
  0.2763  1.322
  0.2769  1.346
  0.2775  1.385
  0.2781  1.464
  0.2786  1.579
  0.2792  1.752
  0.2798  1.874
  0.2803  1.818
  0.2809  1.670
  0.2815  1.509
  0.2821  1.393
  0.2826  1.347
  0.2832  1.306
  0.2838  1.284
  0.2844  1.260
  0.2849  1.234
  0.2855  1.204
  0.2861  1.191
  0.2866  1.175
  0.2872  1.152
  0.2878  1.141
  0.2884  1.133
  0.2889  1.108
  0.2895  1.098
  0.2901  1.089
  0.2907  1.065
  0.2912  1.061
  0.2918  1.068
  0.2924  1.084
  0.2930  1.102
  0.2935  1.100
  0.2941  1.099
  0.2947  1.098
  0.2952  1.087
  0.2958  1.087
  0.2964  1.089
  0.2970  1.076
  0.2975  1.067
  0.2981  1.072
  0.2987  1.049
  0.2993  1.027
  0.2998  1.005
  0.3004  0.988
  0.3010  0.990
  0.3015  0.957
  0.3021  0.951
  0.3027  0.944
  0.3033  0.944
  0.3038  0.940
  0.3044  0.956
  0.3050  0.953
  0.3056  0.950
  0.3061  0.950
  0.3067  0.950
  0.3073  0.952
  0.3078  0.954
  0.3084  0.958
  0.3090  0.961
  0.3096  0.963
  0.3101  0.965
  0.3107  0.965
  0.3113  0.965
  0.3119  0.966
  0.3124  0.967
  0.3130  0.968
  0.3136  0.969
  0.3141  0.972
  0.3147  0.976
  0.3153  0.978
  0.3159  0.979
  0.3164  0.979
  0.3170  0.978
  0.3176  0.976
  0.3182  0.974
  0.3187  0.972
  0.3193  0.971
  0.3199  0.970
  0.3204  0.967
  0.3210  0.964
  0.3216  0.962
  0.3222  0.958
  0.3227  0.953
  0.3233  0.949
  0.3239  0.944
  0.3245  0.939
  0.3250  0.934
  0.3256  0.929
  0.3262  0.924
  0.3268  0.919
  0.3273  0.914
  0.3279  0.909
  0.3285  0.903
  0.3290  0.898
  0.3296  0.894
  0.3302  0.890
  0.3308  0.886
  0.3313  0.882
  0.3319  0.876
  0.3325  0.871
  0.3331  0.867
  0.3336  0.863
  0.3342  0.859
  0.3348  0.856
  0.3353  0.854
  0.3359  0.853
  0.3365  0.852
  0.3371  0.851
  0.3376  0.852
  0.3382  0.854
  0.3388  0.855
  0.3394  0.854
  0.3399  0.853
  0.3405  0.852
  0.3411  0.850
  0.3416  0.848
  0.3422  0.846
  0.3428  0.844
  0.3434  0.843
  0.3439  0.841
  0.3445  0.838
  0.3451  0.834
  0.3457  0.831
  0.3462  0.826
  0.3468  0.819
  0.3474  0.812
  0.3479  0.807
  0.3485  0.802
  0.3491  0.797
  0.3497  0.792
  0.3502  0.788
  0.3508  0.782
  0.3514  0.777
  0.3520  0.772
  0.3525  0.768
  0.3531  0.763
  0.3537  0.759
  0.3543  0.755
  0.3548  0.752
  0.3554  0.748
  0.3560  0.744
  0.3565  0.741
  0.3571  0.738
  0.3577  0.737
  0.3583  0.735
  0.3588  0.733
  0.3594  0.732
  0.3600  0.730
  0.3606  0.728
  0.3611  0.726
  0.3617  0.723
  0.3623  0.720
  0.3628  0.717
  0.3634  0.714
  0.3640  0.712
  0.3646  0.710
  0.3651  0.707
  0.3657  0.704
  0.3663  0.701
  0.3669  0.698
  0.3674  0.695
  0.3680  0.694
  0.3686  0.698
  0.3691  0.701
  0.3697  0.700
  0.3703  0.697
  0.3709  0.695
  0.3714  0.693
  0.3720  0.690
  0.3726  0.688
  0.3732  0.684
  0.3737  0.681
  0.3743  0.678
  0.3749  0.674
  0.3754  0.670
  0.3760  0.665
  0.3766  0.660
  0.3772  0.649
  0.3777  0.640
  0.3783  0.635
  0.3789  0.632
  0.3795  0.628
  0.3800  0.625
  0.3806  0.621
  0.3812  0.618
  0.3817  0.616
  0.3823  0.617
  0.3829  0.621
  0.3835  0.622
  0.3840  0.621
  0.3846  0.621
  0.3852  0.621
  0.3858  0.619
  0.3863  0.616
  0.3869  0.614
  0.3875  0.610
  0.3880  0.608
  0.3886  0.604
  0.3892  0.600
  0.3898  0.596
  0.3903  0.590
  0.3909  0.584
  0.3915  0.576
  0.3921  0.571
  0.3926  0.569
  0.3932  0.567
  0.3938  0.563
  0.3944  0.561
  0.3949  0.558
  0.3955  0.555
  0.3961  0.552
  0.3966  0.549
  0.3972  0.547
  0.3978  0.544
  0.3984  0.542
  0.3989  0.540
  0.3995  0.536
  0.4001  0.533
  0.4007  0.528
  0.4012  0.524
  0.4018  0.519
  0.4024  0.517
  0.4029  0.515
  0.4035  0.515
  0.4041  0.515
  0.4047  0.516
  0.4052  0.519
  0.4058  0.522
  0.4064  0.526
  0.4070  0.528
  0.4075  0.530
  0.4081  0.532
  0.4087  0.532
  0.4092  0.533
  0.4098  0.532
  0.4104  0.532
  0.4110  0.529
  0.4115  0.526
  0.4121  0.523
  0.4127  0.520
  0.4133  0.516
  0.4138  0.511
  0.4144  0.506
  0.4150  0.500
  0.4155  0.495
  0.4161  0.491
  0.4167  0.486
  0.4173  0.482
  0.4178  0.479
  0.4184  0.478
  0.4190  0.476
  0.4196  0.477
  0.4201  0.478
  0.4207  0.477
  0.4213  0.475
  0.4219  0.475
  0.4224  0.474
  0.4230  0.472
  0.4236  0.472
  0.4241  0.472
  0.4247  0.473
  0.4253  0.475
  0.4259  0.478
  0.4264  0.480
  0.4270  0.483
  0.4276  0.485
  0.4282  0.489
  0.4287  0.494
  0.4293  0.501
  0.4299  0.511
  0.4304  0.520
  0.4310  0.528
  0.4316  0.535
  0.4322  0.541
  0.4327  0.545
  0.4333  0.547
  0.4339  0.545
  0.4345  0.545
  0.4350  0.544
  0.4356  0.543
  0.4362  0.539
  0.4367  0.534
  0.4373  0.528
  0.4379  0.520
  0.4385  0.510
  0.4390  0.499
  0.4396  0.490
  0.4402  0.482
  0.4408  0.474
  0.4413  0.467
  0.4419  0.463
  0.4425  0.461
  0.4430  0.459
  0.4436  0.458
  0.4442  0.455
  0.4448  0.453
  0.4453  0.454
  0.4459  0.453
  0.4465  0.453
  0.4471  0.454
  0.4476  0.456
  0.4482  0.458
  0.4488  0.459
  0.4493  0.461
  0.4499  0.463
  0.4505  0.464
  0.4511  0.466
  0.4516  0.467
  0.4522  0.467
  0.4528  0.467
  0.4534  0.469
  0.4539  0.470
  0.4545  0.470
  0.4551  0.469
  0.4557  0.467
  0.4562  0.465
  0.4568  0.462
  0.4574  0.460
  0.4579  0.459
  0.4585  0.458
  0.4591  0.459
  0.4597  0.457
  0.4602  0.455
  0.4608  0.451
  0.4614  0.450
  0.4620  0.447
  0.4625  0.444
  0.4631  0.442
  0.4637  0.441
  0.4642  0.441
  0.4648  0.439
  0.4654  0.437
  0.4660  0.435
  0.4665  0.431
  0.4671  0.427
  0.4677  0.421
  0.4683  0.418
  0.4688  0.416
  0.4694  0.414
  0.4700  0.410
  0.4705  0.408
  0.4711  0.404
  0.4717  0.401
  0.4723  0.399
  0.4728  0.395
  0.4734  0.394
  0.4740  0.392
  0.4746  0.390
  0.4751  0.390
  0.4757  0.390
  0.4763  0.391
  0.4768  0.392
  0.4774  0.394
  0.4780  0.399
  0.4786  0.403
  0.4791  0.410
  0.4797  0.418
  0.4803  0.427
  0.4809  0.440
  0.4814  0.457
  0.4820  0.478
  0.4826  0.498
  0.4832  0.513
  0.4837  0.525
  0.4843  0.534
  0.4849  0.540
  0.4854  0.545
  0.4860  0.548
  0.4866  0.547
  0.4872  0.544
  0.4877  0.540
  0.4883  0.535
  0.4889  0.527
  0.4895  0.515
  0.4900  0.499
  0.4906  0.480
  0.4912  0.464
  0.4917  0.460
  0.4923  0.455
  0.4929  0.447
  0.4935  0.439
  0.4940  0.431
  0.4946  0.425
  0.4952  0.423
  0.4958  0.428
  0.4963  0.450
  0.4969  0.480
  0.4975  0.489
  0.4980  0.489
  0.4986  0.488
  0.4992  0.484
  0.4998  0.480
  0.5003  0.468
  0.5009  0.458
  0.5015  0.454
  0.5021  0.453
  0.5026  0.450
  0.5032  0.447
  0.5038  0.441
  0.5043  0.432
  0.5049  0.404
  0.5055  0.368
  0.5061  0.355
  0.5066  0.349
  0.5072  0.347
  0.5078  0.343
  0.5084  0.340
  0.5089  0.339
  0.5095  0.338
  0.5101  0.337
  0.5106  0.337
  0.5112  0.337
  0.5118  0.338
  0.5124  0.340
  0.5129  0.340
  0.5135  0.342
  0.5141  0.343
  0.5147  0.345
  0.5152  0.348
  0.5158  0.350
  0.5164  0.353
  0.5170  0.353
  0.5175  0.354
  0.5181  0.354
  0.5187  0.352
  0.5192  0.351
  0.5198  0.353
  0.5204  0.352
  0.5210  0.352
  0.5215  0.351
  0.5221  0.350
  0.5227  0.351
  0.5233  0.351
  0.5238  0.350
  0.5244  0.348
  0.5250  0.349
  0.5255  0.351
  0.5261  0.348
  0.5267  0.347
  0.5273  0.348
  0.5278  0.349
  0.5284  0.346
  0.5290  0.346
  0.5296  0.345
  0.5301  0.344
  0.5307  0.343
  0.5313  0.341
  0.5318  0.339
  0.5324  0.336
  0.5330  0.334
  0.5336  0.329
  0.5341  0.325
  0.5347  0.323
  0.5353  0.321
  0.5359  0.320
  0.5364  0.315
  0.5370  0.313
  0.5376  0.309
  0.5381  0.308
  0.5387  0.306
  0.5393  0.303
  0.5399  0.302
  0.5404  0.300
  0.5410  0.300
  0.5416  0.299
  0.5422  0.299
  0.5427  0.298
  0.5433  0.297
  0.5439  0.294
  0.5445  0.293
  0.5450  0.295
  0.5456  0.295
  0.5462  0.294
  0.5467  0.292
  0.5473  0.293
  0.5479  0.295
  0.5485  0.294
  0.5490  0.294
  0.5496  0.295
  0.5502  0.293
  0.5508  0.293
  0.5513  0.294
  0.5519  0.296
  0.5525  0.299
  0.5530  0.299
  0.5536  0.296
  0.5542  0.298
  0.5548  0.302
  0.5553  0.305
  0.5559  0.307
  0.5565  0.309
  0.5571  0.311
  0.5576  0.313
  0.5582  0.313
  0.5588  0.314
  0.5593  0.314
  0.5599  0.314
  0.5605  0.314
  0.5611  0.313
  0.5616  0.312
  0.5622  0.311
  0.5628  0.310
  0.5634  0.308
  0.5639  0.306
  0.5645  0.305
  0.5651  0.303
  0.5656  0.301
  0.5662  0.299
  0.5668  0.297
  0.5674  0.295
  0.5679  0.292
  0.5685  0.290
  0.5691  0.288
  0.5697  0.286
  0.5702  0.285
  0.5708  0.283
  0.5714  0.281
  0.5720  0.280
  0.5725  0.278
  0.5731  0.277
  0.5737  0.276
  0.5742  0.275
  0.5748  0.275
  0.5754  0.274
  0.5760  0.274
  0.5765  0.274
  0.5771  0.275
  0.5777  0.276
  0.5783  0.277
  0.5788  0.278
  0.5794  0.280
  0.5800  0.282
  0.5805  0.285
  0.5811  0.288
  0.5817  0.291
  0.5823  0.295
  0.5828  0.300
  0.5834  0.305
  0.5840  0.311
  0.5846  0.317
  0.5851  0.324
  0.5857  0.332
  0.5863  0.346
  0.5868  0.412
  0.5874  0.399
  0.5880  0.374
  0.5886  0.382
  0.5891  0.367
  0.5897  0.403
  0.5903  0.496
  0.6316  0.331
  0.6582  0.314
  0.8094  0.226
  0.8436  0.211
  0.8792  0.196
  0.9164  0.183
  0.9551  0.170
  0.9954  0.159
  1.0374  0.150
  1.0812  0.141
  1.1269  0.134
  1.1745  0.128
  1.2241  0.124
  1.2757  0.120
  1.3296  0.117
  1.3857  0.114
  1.4443  0.113
  1.5052  0.111
  1.5688  0.111
  1.6350  0.110
  1.7041  0.110
  1.7760  0.110
  1.8510  0.109
  1.9292  0.107
  2.0106  0.105
  2.0955  0.101
  2.1840  0.098
  2.2762  0.094
  2.3723  0.091
  2.4725  0.088
  2.5769  0.086
  2.6857  0.084
  2.7991  0.083
  2.9173  0.083
  3.0405  0.082
  3.1689  0.081
  3.3027  0.080
  3.4421  0.078
  3.5875  0.076
  3.7390  0.073
  3.8968  0.069
  4.0614  0.066
  4.2329  0.062
  4.4116  0.059
  4.5979  0.056
  4.7920  0.054
  4.9943  0.051
  5.2052  0.049
  5.4250  0.047
  5.6541  0.045
  5.8928  0.043
  6.1416  0.040
  6.4009  0.038
  6.6712  0.035
  6.9529  0.032
  7.2465  0.030
  7.5525  0.027
  7.8714  0.025
  8.2037  0.023
  8.5501  0.022
  8.9111  0.021
  9.2874  0.020
  9.6796  0.020
 10.0883  0.019
 10.5142  0.019
 10.9582  0.018
 11.4209  0.018
 11.9031  0.018
 12.4057  0.017
 12.9296  0.017
 13.4755  0.016
 14.0445  0.016
 14.6375  0.016
 15.2556  0.016
 15.8997  0.015
 16.5711  0.015
 17.2708  0.015
 18.1552  0.015
 18.6017  0.014
 19.0592  0.014
 19.5279  0.014
 20.0081  0.013
 20.5002  0.013
 21.0044  0.012
 21.5209  0.012
 22.0502  0.012
 22.5925  0.011
 23.1481  0.011
 23.7174  0.010
 24.3007  0.010
 24.8983  0.010
 25.5107  0.009
 26.1380  0.009
 26.7809  0.009
 27.4395  0.008
 28.1143  0.008
 28.8058  0.008
 29.5142  0.008
 30.2400  0.007
 30.9837  0.007
 31.7457  0.007
 32.5265  0.007
 33.3264  0.006
 34.1460  0.006
 34.9858  0.006
 35.8462  0.006
 36.7278  0.005
 37.6310  0.005
 38.5565  0.005
 39.5047  0.005
 40.4763  0.005
 41.4717  0.004
 42.4916  0.004
 43.5366  0.004
 44.6074  0.004
 45.7044  0.004
 46.8284  0.004
 47.9801  0.004
 49.1601  0.003
 50.3691  0.003
 51.6078  0.003
 52.8770  0.003
 54.1775  0.003
 55.5099  0.003
 56.8750  0.003
 58.2738  0.003
 59.7069  0.002
 61.1753  0.002
 62.6798  0.002
 64.2213  0.002
 65.8007  0.002
 67.4190  0.002
 69.0770  0.002
 70.7759  0.002
 72.5165  0.002
 74.2999  0.002
 76.1272  0.002
 77.9994  0.001
 79.9177  0.001
 81.8831  0.001
 83.8969  0.001
 85.9602  0.001
 88.0742  0.001
 90.2403  0.001
 92.4596  0.001
 94.7334  0.001
 97.0633  0.001
 99.4503  0.001
101.8960  0.001
104.4020  0.001
106.9700  0.001
109.6000  0.001
112.2960  0.001
115.0580  0.001
117.8870  0.001
120.7870  0.001
123.7570  0.001
126.8010  0.001
129.9190  0.001
133.1140  0.001
136.3880  0.001
139.7420  0.001
