 4 15 59 36.13 54 42 03.8 16.61 0.20 16.78      14.92 0.16                 4.20 0.15
12 16 02 50.95 54 50 57.9                                  1.99 0.35
17 16 05 23.10 54 56 13.3                                  2.02 0.39
18 16 05 46.11 54 39 09.8 16.90 0.18 16.18 0.22 15.57 0.18           171  80.
19 16 06 23.56 54 05 55.8 16.30 0.14 16.14      15.37 0.22 3.91 0.63     166.23 0.146
20 16 06 30.60 54 20 07.5                                  3.14 0.53
21 16 06 37.88 53 50 08.4                                  1.46 0.28
22 16 06 55.34 53 40 16.8 16.37 0.10 15.33 0.10 14.32 0.07
23 16 07 05.16 53 35 58.5 16.60 0.12 16.29 0.22 15.72 0.22
27 16 09 13.18 53 54 29.5                                                 43.82 0.148
31 16 10 07.11 53 58 14.0                                  1.59 0.30
34 16 12 38.27 53 22 55.0 16.70 0.15 16.15 0.15 15.54 0.23
